[[ 2.09991002 -0.87019902 -3.78209901 ...,  0.          0.          0.        ]
 [-3.05137491 -0.106447    1.33320701 ...,  0.          0.          0.        ]
 [-3.45963502  3.37294793  3.68405509 ...,  0.          0.          0.        ]
 ..., 
 [-0.036775    1.65315104  0.019168   ...,  0.          0.          0.        ]
 [-1.18114901  0.2309      0.729707   ...,  0.          0.          0.        ]
 [-0.108114    4.35223103  2.05614805 ...,  0.          0.          0.        ]][[ 2.09991002 -0.87019902 -3.78209901 ...,  0.          0.          0.        ]
 [-3.05137491 -0.106447    1.33320701 ...,  0.          0.          0.        ]
 [-3.45963502  3.37294793  3.68405509 ...,  0.          0.          0.        ]
 ..., 
 [-0.036775    1.65315104  0.019168   ...,  0.          0.          0.        ]
 [-1.18114901  0.2309      0.729707   ...,  0.          0.          0.        ]
 [-0.108114    4.35223103  2.05614805 ...,  0.          0.          0.        ]]